1.816549656059230466e+00
-1.062830413811236330e+00
3.481521261671979950e+00
4.584710308864079487e-01
-2.480962975499025891e-01
2.536611287205198018e+00
2.488850806156101214e+00
-1.024910498626412370e-01
1.027186913996698259e+00
-2.884444286019401726e+00
2.991920305734019792e+00
2.718100909063370541e+00
2.651205825972030805e+00
-2.500916043621184137e+00
4.213610287616024186e-01
1.003669115260758193e+00
1.702265908941705597e+00
1.500721929836124513e+00
3.288313113603940074e+00
-1.679319012703486269e+00
6.490062697751606269e-01
-1.361722322562672893e-01
1.335015651316567853e+00
1.958584312662664750e+00
3.283105463915876321e+00
1.871394026288047963e-01
2.170093998692673942e+00
-2.147183475190187707e+00
6.828467051102071750e-01
2.834188436523168875e+00
3.109205114628185163e-01
1.584459160446227921e+00
2.814459313170690535e+00
2.811618200327080430e+00
2.496002232573928392e+00
7.885311891877297974e-01
1.216009172288538220e+00
4.409029962671128233e-01
2.457823366355269989e+00
5.141265091673044907e+00
1.131981557649901049e+00
1.888686869406741575e-02
1.062599670620751446e+00
-2.593966628962496301e+00
1.429188679683738750e+00
-5.539211330046771575e-01
7.630643985784333339e-01
1.031677808646197070e+00
2.308415398261511875e+00
1.372856119512330775e+00
4.456669962433443821e+00
4.957834884641885154e-01
5.717110455864746754e-01
2.825204550280086213e+00
2.050416223142368821e+00
2.749511663738593903e+00
3.613181202281491977e+00
2.938489635887783447e+00
3.979887489888366492e+00
5.677159580777642489e+00
1.312573171335379207e+00
2.878159098803505955e+00
3.533417704382994629e+00
2.638869548985348867e+00
4.790595393688048986e+00
-1.157707654976232625e+00
6.517108641326128549e+00
1.020904553094655443e+00
3.366992791178745836e+00
4.220611926458891716e+00
1.639586307172522517e+00
3.800310940896589607e+00
4.219759066624556354e+00
3.906742398559214458e+00
1.395680468235816152e+00
6.477686004366512762e+00
3.393110653935369481e+00
1.003535858970265204e+00
4.094620509480634496e+00
3.068437980896461692e+00
3.804351101633193011e+00
-3.172191909820221589e+00
5.288222048158948141e+00
3.264363871205547607e+00
3.284973527704999174e+00
2.255052411285485725e+00
4.329121638463072408e+00
4.705931207570648311e+00
3.469101450679068055e+00
5.410990810483577107e+00
3.138290942724762722e+00
2.307241025005640545e+00
1.219710609774883547e+00
1.987238349985522401e+00
4.414382169933029232e+00
2.858063542705735482e+00
2.402847746587940314e+00
3.915021908691415753e+00
1.148457114291165482e+00
2.113395565147485833e+00
5.504382478511358201e+00
5.981265146284186152e+00
5.872246513053590355e+00
5.494146621222331106e+00
5.838811616784211900e+00
7.361619254702939763e+00
3.647085962700322703e+00
4.189369623063656789e+00
7.121025000724427123e+00
2.781055377453589550e+00
6.516368054185113223e+00
2.036954141494200954e+00
4.219251939088947800e+00
6.297589775043490157e+00
4.646777914579492297e+00
4.684462931105172423e+00
6.178930782065506833e+00
1.850267355129016522e+00
5.081530463979485823e+00
5.683890231629079359e+00
4.569703059583659410e+00
3.930100701496103355e+00
3.817210222474068715e+00
5.755620335906749041e+00
2.050295349297052372e+00
5.681926761186551822e+00
4.169786472519912301e+00
4.482088588291848197e+00
6.202222159960216530e+00
6.175421074389360498e+00
5.414923154604465161e+00
5.261932205395370765e+00
6.413573833620212383e+00
8.279697903759503319e+00
6.107876444037165342e+00
3.333717184794069865e+00
1.388213960570230832e+00
8.343285472395965741e+00
1.994287580559814366e+00
7.096446073548073663e+00
6.381198662204074168e+00
4.342148424767368731e+00
6.216873467449358870e+00
3.527157053466574155e+00
7.038298954561351017e+00
4.091823229997936906e+00
6.214007801363642614e+00
6.704663742694414452e+00
4.789160211464559502e+00
9.097631464103503873e+00
